#0
#Nodes:1000
#Edges:2991
4 1
261 1
6 1
7 1
8 1
12 1
13 1
1 14
1 787
1 23
26 1
25 1
154 1
31 1
1 134
547 1
37 1
1 552
1 298
1 501
1 48
1 244
1 774
1 694
1 569
1 314
1 187
831 1
68 1
1 453
826 1
338 1
1 856
1 88
988 1
93 1
1 99
1 357
1 744
110 1
1 495
883 1
116 1
1 373
1 502
247 1
1 120
1 506
4 2
2 5
262 2
7 2
9 2
2 11
14 2
17 2
20 2
2 21
22 2
152 2
666 2
2 159
2 34
37 2
391 2
679 2
2 43
2 684
303 2
265 2
53 2
2 543
55 2
569 2
444 2
2 927
2 267
2 447
2 64
2 450
2 67
2 196
77 2
720 2
2 451
2 579
2 982
474 2
2 353
2 611
231 2
364 2
622 2
2 111
2 112
2 884
2 378
2 123
192 2
2 896
257 3
3 4
5 3
3 6
263 3
136 3
9 3
3 143
16 3
3 18
452 3
3 918
3 156
541 3
3 326
215 3
3 420
549 3
38 3
39 3
690 3
41 3
624 3
3 683
3 840
45 3
3 174
3 304
3 137
3 450
180 3
3 55
3 56
3 416
191 3
320 3
194 3
3 324
3 70
610 3
3 74
589 3
3 82
3 86
87 3
601 3
731 3
3 673
861 3
3 695
482 3
669 3
572 3
3 233
3 236
109 3
3 112
3 113
372 3
985 3
3 121
3 214
4 132
4 5
4 259
399 4
4 276
21 4
4 282
4 25
4 26
28 4
4 163
548 4
4 41
4 42
4 172
46 4
4 318
323 4
4 198
4 328
796 4
4 210
344 4
222 4
4 998
871 4
4 371
887 4
251 4
4 125
127 4
384 4
6 5
7 5
8 5
10 5
13 5
526 5
5 15
16 5
17 5
5 18
5 19
5 534
5 23
5 25
5 30
518 5
35 5
553 5
43 5
5 46
49 5
5 52
57 5
5 58
571 5
5 65
66 5
72 5
5 83
5 596
5 527
600 5
5 607
617 5
5 106
5 110
5 121
5 123
124 5
5 126
127 5
643 5
5 133
139 5
140 5
5 144
5 146
165 5
167 5
174 5
175 5
5 696
697 5
187 5
5 32
193 5
5 709
5 202
5 206
5 720
214 5
5 728
745 5
234 5
5 245
5 250
5 773
5 262
5 263
5 782
5 278
283 5
292 5
5 293
296 5
309 5
5 837
330 5
5 335
339 5
5 341
5 345
354 5
876 5
880 5
5 394
398 5
5 399
5 400
5 917
5 971
5 475
5 478
5 853
511 5
6 651
6 269
515 6
143 6
6 18
19 6
6 20
661 6
918 6
151 6
6 24
153 6
28 6
541 6
6 33
6 71
296 6
6 554
6 50
6 307
6 693
6 61
6 319
322 6
6 453
6 199
6 200
74 6
6 972
77 6
462 6
975 6
6 80
468 6
6 727
6 347
6 477
488 6
6 365
6 239
113 6
916 6
6 333
891 6
134 7
7 8
10 7
7 12
7 579
15 7
366 7
273 7
20 7
917 7
7 918
7 151
280 7
7 281
7 26
7 542
7 31
7 161
7 34
163 7
7 36
422 7
807 7
7 40
7 130
42 7
555 7
44 7
303 7
7 369
51 7
7 479
55 7
7 522
7 185
826 7
864 7
7 445
937 7
449 7
289 7
195 7
7 806
7 290
73 7
7 919
7 75
824 7
205 7
7 335
82 7
340 7
7 839
7 87
7 218
219 7
7 476
93 7
95 7
7 352
7 529
7 750
754 7
7 850
573 7
7 363
7 552
7 749
238 7
495 7
113 7
7 425
7 578
7 116
758 7
450 7
893 7
491 7
132 8
8 9
8 10
15 8
8 656
8 30
35 8
8 295
8 370
712 8
173 8
8 926
8 689
8 180
8 565
8 182
8 573
8 438
66 8
8 455
456 8
291 8
8 78
81 8
8 340
8 344
729 8
481 8
8 103
8 875
114 8
628 8
8 757
511 8
255 8
901 9
9 394
11 9
12 9
13 9
9 259
19 9
280 9
9 29
9 286
9 162
9 295
9 51
179 9
9 54
9 315
831 9
9 481
9 835
9 970
9 843
9 643
9 858
9 987
97 9
612 9
9 361
107 9
497 9
114 9
631 9
9 250
10 101
10 518
10 11
10 76
10 654
944 10
10 254
547 11
517 11
294 11
104 11
11 42
808 11
11 14
11 174
11 817
434 11
11 933
11 27
798 11
12 130
387 12
12 911
12 147
964 12
12 279
536 12
12 412
12 33
293 12
12 39
12 936
12 299
304 12
12 181
567 12
12 829
12 196
73 12
12 719
12 209
851 12
224 12
12 235
12 749
12 368
253 12
384 12
13 830
70 13
178 13
874 13
13 900
13 80
13 177
13 169
13 532
13 85
13 22
151 13
13 950
13 59
573 13
190 13
13 160
14 901
135 14
14 258
920 14
14 398
14 16
14 17
14 278
24 14
14 642
14 965
14 287
14 231
417 14
166 14
14 423
682 14
45 14
819 14
178 14
14 51
569 14
14 698
59 14
63 14
673 14
14 197
14 72
14 332
14 334
81 14
211 14
14 84
14 92
14 990
14 358
14 102
103 14
14 616
14 105
14 877
14 627
14 254
767 14
15 777
15 394
15 284
15 32
15 561
676 15
167 15
15 40
814 15
305 15
15 50
692 15
61 15
15 446
15 327
968 15
599 15
15 858
15 479
15 96
225 15
15 99
15 233
15 108
15 62
631 15
15 891
15 252
125 15
943 16
16 107
44 16
16 175
16 305
16 815
555 16
896 16
385 17
17 180
386 17
17 652
21 17
773 17
160 17
419 17
17 436
17 310
60 17
191 17
17 454
339 17
17 215
349 17
17 748
17 242
17 373
17 248
18 627
37 18
18 903
18 201
18 733
43 18
18 142
143 18
18 48
83 18
84 18
22 18
23 18
730 18
473 18
18 349
19 641
19 474
137 19
19 138
408 19
278 19
19 24
19 27
29 19
161 19
19 40
41 19
413 19
429 19
19 689
19 952
443 19
60 19
957 19
19 630
19 65
19 289
580 19
19 590
19 470
19 218
731 19
222 19
19 95
19 992
97 19
892 19
614 19
424 19
624 19
501 19
374 19
19 376
704 19
19 382
20 131
133 20
136 20
20 528
20 913
261 20
20 944
29 20
20 34
39 20
426 20
20 432
181 20
696 20
20 698
20 712
186 20
89 20
611 20
20 368
20 241
20 114
417 21
21 710
21 77
21 238
21 530
21 36
772 22
141 22
783 22
22 61
283 22
27 22
164 22
38 22
22 551
923 22
22 52
309 22
56 22
22 53
189 22
980 22
22 856
22 222
166 22
22 738
445 22
22 619
621 22
628 22
22 122
23 135
396 23
142 23
272 23
145 23
23 154
28 23
23 92
647 23
23 935
63 23
321 23
23 456
586 23
23 337
23 342
23 729
528 23
94 23
23 608
100 23
242 23
23 122
127 23
24 236
844 24
561 24
456 25
25 592
25 409
25 30
26 162
26 35
38 26
418 26
649 26
26 138
108 26
914 26
851 26
26 692
26 502
26 473
26 684
26 737
26 31
865 27
291 27
47 27
828 27
384 27
28 165
687 28
28 80
50 28
28 275
157 28
28 287
28 183
29 133
622 29
29 147
153 29
32 29
169 29
29 811
44 29
48 29
29 950
29 313
58 29
29 956
29 195
29 69
29 713
29 79
212 29
598 29
989 29
29 764
371 29
29 629
29 630
512 29
29 766
29 86
900 30
148 30
406 30
663 30
30 540
30 285
679 30
685 30
30 62
64 30
76 30
462 30
30 84
617 30
30 980
30 246
30 377
636 30
30 510
768 30
33 31
31 964
31 349
818 31
31 883
31 120
31 221
671 31
220 32
32 326
32 237
516 32
32 403
32 148
239 32
32 581
32 92
32 990
32 224
264 33
596 33
117 33
119 33
320 33
33 102
517 34
841 34
155 34
34 413
158 34
36 34
813 34
34 178
34 714
190 34
34 449
34 69
34 73
202 34
34 79
34 604
34 605
96 34
867 34
494 34
34 126
964 35
35 486
35 72
35 365
245 35
35 54
91 35
35 124
35 414
165 36
98 36
36 491
36 172
36 808
36 498
631 36
36 312
377 36
37 101
589 37
37 373
37 45
37 78
369 37
149 37
90 37
37 93
913 38
421 38
38 166
38 106
38 939
600 38
38 877
38 238
47 38
720 38
38 561
38 330
443 38
797 38
182 38
39 572
39 517
39 776
39 777
429 39
39 909
39 905
39 533
39 790
39 792
282 39
156 39
39 157
39 798
420 39
301 39
46 39
47 39
39 560
562 39
948 39
441 39
186 39
39 699
39 188
39 318
39 64
39 193
66 39
323 39
472 39
39 584
39 585
39 76
79 39
463 39
58 39
39 985
351 39
96 39
60 39
107 39
39 115
39 316
39 380
39 765
255 39
39 470
65 40
40 68
382 40
40 949
40 747
40 75
524 40
40 494
40 176
40 49
146 40
132 40
53 40
248 40
57 40
629 40
40 249
40 203
226 41
41 99
519 41
71 41
258 41
554 41
41 463
49 41
212 41
119 41
41 666
383 41
576 41
42 356
811 42
464 42
117 42
533 42
395 42
42 447
898 43
229 43
602 43
264 43
553 43
43 585
43 171
205 43
240 43
514 43
568 43
43 642
43 90
43 59
960 43
253 43
43 640
44 746
587 44
44 406
45 130
260 45
615 45
45 392
428 45
465 45
45 356
45 440
345 45
45 155
508 45
288 45
46 227
275 46
783 46
46 145
46 850
115 46
228 46
56 46
313 46
46 954
46 415
47 131
677 47
262 47
747 47
799 47
48 515
260 48
48 520
137 48
48 538
159 48
934 48
319 48
707 48
48 587
460 48
78 48
361 48
48 63
119 48
120 48
48 249
122 48
126 48
996 49
49 247
49 496
49 54
471 49
50 845
50 184
581 51
51 138
812 51
109 51
51 270
275 51
52 51
51 85
51 311
51 184
51 57
90 51
51 669
51 256
52 226
52 252
342 52
393 52
52 299
52 461
383 52
52 437
792 52
52 933
52 220
619 52
86 52
52 128
53 267
364 53
397 53
53 885
753 54
54 100
54 460
67 54
644 54
217 54
54 588
54 252
55 279
425 55
170 55
55 177
181 55
188 55
55 324
55 681
214 55
55 88
55 91
55 607
55 355
55 612
55 361
55 747
110 55
626 55
55 244
55 764
56 546
388 56
56 782
56 136
171 56
56 333
56 302
56 468
343 56
56 610
670 56
219 57
57 156
57 862
484 58
410 58
732 58
738 59
59 209
375 59
351 59
60 483
60 263
60 200
60 714
60 973
60 954
60 62
839 61
61 407
61 755
593 61
61 115
725 61
61 183
91 61
988 61
315 61
61 959
646 61
161 62
62 932
62 235
526 62
756 62
405 62
62 879
885 62
135 63
909 63
63 144
288 63
678 63
182 63
440 63
63 314
63 843
196 63
63 69
71 63
201 63
75 63
63 142
83 63
934 63
63 98
995 63
63 485
102 63
63 615
63 105
117 63
63 632
63 761
759 64
64 194
64 201
64 74
912 64
338 64
148 64
64 246
64 343
64 298
64 825
131 65
65 68
65 934
300 65
65 337
82 65
65 405
65 600
65 185
65 155
94 65
770 66
66 388
66 451
914 66
405 66
66 815
279 66
920 66
389 66
672 66
66 557
430 66
66 175
67 66
70 66
66 970
66 332
982 66
66 216
66 89
66 352
737 66
101 66
66 755
66 116
66 256
67 194
745 67
67 212
412 67
67 765
67 734
419 68
68 966
335 68
118 68
68 507
284 68
68 158
225 69
98 69
297 69
170 69
69 523
112 69
601 69
986 69
69 535
69 834
69 473
69 250
70 108
70 432
70 145
438 70
70 312
71 706
583 71
71 104
306 71
211 71
71 834
776 72
489 72
72 89
72 736
257 73
73 100
389 73
73 514
392 73
106 73
863 73
676 73
73 85
630 73
506 73
73 245
73 725
73 348
73 414
73 191
74 229
619 74
74 851
727 74
923 74
319 74
74 192
805 75
230 75
75 908
173 75
550 75
208 75
81 75
75 818
437 75
75 150
75 471
536 75
475 75
75 358
76 290
76 230
76 162
431 76
895 76
76 351
227 77
77 975
219 77
77 316
225 78
515 78
78 647
78 159
458 79
79 341
79 599
79 795
80 199
80 328
105 80
300 80
430 80
622 80
213 80
80 726
87 80
80 870
80 902
277 80
80 799
183 80
258 81
899 81
301 81
81 204
81 237
81 542
209 81
81 921
691 81
81 938
81 682
633 81
378 81
827 81
81 636
459 81
192 81
82 897
82 348
103 82
620 82
372 82
82 220
391 82
82 94
82 128
836 83
83 458
83 139
208 83
83 402
83 726
613 83
83 952
83 581
83 848
129 84
84 168
84 650
140 84
84 798
84 849
84 308
447 84
372 84
538 84
84 786
95 84
84 232
321 85
721 85
85 457
198 85
519 85
914 85
85 810
331 85
85 588
85 809
85 241
169 85
88 85
123 85
930 85
966 86
86 329
426 86
267 86
86 173
86 942
86 794
230 87
87 371
87 823
87 255
88 770
835 88
88 484
88 407
199 88
88 171
551 88
88 589
206 88
88 177
434 88
88 187
88 955
448 88
228 89
89 741
167 89
396 90
90 974
347 90
90 767
91 513
91 770
91 324
91 907
91 782
91 149
91 469
91 667
415 91
387 92
157 92
193 93
93 872
93 141
109 93
111 93
93 560
93 721
152 93
93 293
97 94
94 197
646 94
94 331
94 825
94 176
657 94
94 409
94 549
448 94
557 95
732 95
96 641
421 96
96 168
949 96
234 96
96 236
141 96
968 96
978 96
149 96
374 96
951 96
570 96
96 672
320 96
556 97
97 104
490 97
97 328
97 302
97 210
97 500
97 213
97 906
921 97
354 98
172 98
850 98
98 544
99 848
99 723
99 661
407 99
440 99
700 99
100 705
195 100
100 444
100 983
295 100
362 100
908 100
816 100
100 401
100 243
612 100
788 100
100 379
100 124
285 100
961 101
762 101
224 101
102 163
102 805
102 489
875 102
111 102
498 102
102 118
248 102
539 102
577 103
610 103
780 103
274 103
204 103
525 103
558 103
103 439
103 411
104 803
265 104
355 104
866 105
105 749
105 221
830 105
128 105
362 106
170 106
106 121
107 664
108 503
360 109
164 110
110 134
118 110
925 110
110 446
112 801
112 358
112 393
568 112
574 112
937 113
113 458
113 366
113 487
404 113
810 113
742 114
200 114
953 114
852 114
114 736
115 994
334 115
116 807
837 117
117 904
117 297
204 117
117 938
117 507
290 118
118 874
890 118
118 207
400 118
730 118
217 118
118 186
179 119
119 664
120 125
120 359
121 129
418 121
164 121
121 653
213 121
672 121
121 608
122 273
122 424
240 122
122 241
124 445
269 124
963 125
125 452
206 125
207 125
276 125
215 125
184 125
268 125
129 126
332 126
126 439
126 984
541 126
160 126
127 401
127 234
127 305
127 150
312 127
127 317
129 353
362 129
129 139
140 129
493 129
752 129
147 129
726 129
218 129
129 223
427 129
334 130
910 130
625 130
620 131
131 744
930 132
687 132
972 133
168 133
524 133
623 133
133 882
377 133
448 133
134 583
135 257
135 331
658 136
202 136
530 136
330 136
152 137
817 138
294 138
139 550
139 553
427 139
139 397
139 718
139 465
139 502
139 154
139 251
188 139
158 139
139 694
816 140
140 484
140 872
140 276
270 140
140 176
341 140
150 140
336 140
140 512
707 141
141 356
141 425
141 413
141 203
268 141
703 141
141 144
141 945
339 141
984 141
141 314
141 575
256 141
578 142
142 643
142 402
634 142
678 143
146 143
346 144
144 306
556 145
403 145
510 145
146 472
996 146
323 148
327 148
588 148
148 179
149 153
834 150
150 432
545 151
228 151
271 151
676 151
151 857
152 724
153 464
153 442
390 154
154 434
281 154
411 154
155 453
264 155
841 155
493 155
155 235
155 846
495 155
208 155
155 274
243 155
155 559
155 886
155 283
155 284
155 637
190 155
155 758
609 157
159 203
317 159
160 802
160 454
779 160
160 496
198 160
555 163
430 163
163 318
992 163
164 840
164 585
164 207
475 164
231 165
756 165
166 385
166 226
485 166
166 674
166 657
981 166
247 166
513 167
167 674
167 325
167 299
167 303
167 626
167 564
773 167
760 167
699 167
875 167
168 862
311 168
379 169
170 680
171 400
197 172
172 858
223 172
173 699
367 174
306 175
175 873
175 684
175 242
175 189
383 175
656 176
455 176
386 177
178 869
178 233
649 178
322 179
179 523
179 237
179 313
582 180
180 939
904 180
227 180
635 180
181 229
336 181
181 593
703 181
545 182
182 737
182 185
183 189
183 991
249 184
836 184
185 210
185 888
185 636
186 386
485 186
186 281
187 929
187 395
947 187
187 346
251 187
188 805
205 188
526 188
188 592
337 188
188 338
979 188
188 924
395 188
189 546
291 189
189 804
189 855
935 189
189 697
189 730
411 189
189 286
735 189
190 616
190 941
431 190
272 190
562 190
216 190
410 190
191 514
325 191
355 191
381 191
192 979
192 360
558 192
467 192
192 660
192 598
746 192
192 570
350 192
674 192
640 193
536 193
583 194
194 903
713 194
194 988
195 321
195 443
196 580
648 196
861 196
196 768
197 801
197 902
198 577
198 259
907 198
198 532
198 790
981 198
253 198
670 199
516 199
199 552
905 199
199 683
199 748
269 199
815 199
370 199
199 211
340 199
310 199
199 282
827 199
199 404
199 382
543 199
199 928
200 965
200 487
200 903
507 200
708 201
201 370
201 266
201 300
201 271
956 201
202 974
202 727
202 572
203 387
203 301
403 203
203 601
204 740
586 204
204 621
216 204
204 217
204 315
987 204
205 513
205 629
426 206
893 206
206 221
206 971
504 206
206 239
991 206
667 206
206 286
223 206
207 392
207 813
621 207
207 719
207 848
804 207
207 469
207 375
207 539
208 884
208 277
535 208
208 254
289 209
209 273
460 209
209 294
840 209
209 399
209 530
791 209
209 343
209 793
929 210
680 210
210 563
398 212
800 212
614 213
213 489
213 717
504 213
571 213
213 603
735 213
214 804
214 454
1000 214
214 266
367 214
214 882
566 214
924 214
637 214
216 260
560 216
216 499
644 217
217 266
651 217
217 270
528 217
217 789
550 217
424 217
217 809
814 217
691 217
217 438
702 217
217 707
217 846
217 469
217 366
378 217
894 217
218 232
297 218
342 218
220 486
232 220
220 523
604 220
419 221
221 459
950 221
221 797
657 222
222 967
595 222
222 593
404 222
222 661
222 823
412 222
996 222
350 222
864 222
381 223
223 352
597 224
359 224
225 867
225 838
226 433
226 620
325 227
227 396
227 503
227 538
227 380
227 511
437 228
228 285
229 516
230 760
230 956
230 491
272 231
594 231
231 883
231 477
292 232
423 232
232 618
232 943
232 946
307 232
232 246
769 233
859 234
235 750
235 274
789 235
694 235
556 236
237 466
237 265
665 237
243 237
237 974
329 237
660 237
873 237
280 237
658 237
237 922
852 237
238 675
238 997
238 522
941 238
653 238
302 238
240 238
238 401
244 238
842 238
784 238
238 477
240 995
240 740
870 240
240 744
240 973
375 240
828 240
287 240
241 695
241 979
241 598
535 241
241 602
241 317
261 242
242 663
829 242
587 242
915 242
242 820
847 242
733 242
357 243
243 678
718 243
813 244
470 244
244 637
244 958
906 245
779 245
963 245
724 245
758 245
246 685
246 402
662 246
247 688
247 309
606 247
363 248
563 248
248 348
249 388
249 271
946 249
308 249
249 506
994 250
754 250
544 250
385 252
252 932
252 625
252 693
953 252
252 829
252 574
253 590
441 253
253 734
870 253
292 254
254 715
428 254
505 254
476 254
478 254
871 257
257 500
468 257
257 503
487 258
258 520
751 258
259 899
649 259
660 259
322 260
354 260
397 260
367 260
260 786
260 307
260 277
537 260
260 570
260 429
261 709
999 261
261 689
732 262
262 786
508 263
268 263
263 336
263 792
633 263
898 264
757 264
379 264
543 265
584 266
266 784
873 266
266 311
504 266
635 266
268 466
269 670
269 422
271 647
618 272
272 817
272 701
272 288
529 273
997 273
329 273
316 273
273 512
274 968
457 274
274 436
364 277
789 277
455 278
490 278
304 278
465 278
902 279
414 280
659 281
281 683
282 691
282 441
639 282
353 283
579 283
945 283
283 922
283 474
534 283
613 284
285 709
327 285
285 554
978 285
285 531
285 820
347 285
286 772
742 286
296 286
286 791
729 286
446 286
287 832
287 710
540 287
287 607
287 742
288 368
289 298
919 289
289 490
289 827
564 290
497 292
292 716
558 292
292 369
295 521
296 772
296 679
296 664
480 296
310 297
297 695
344 297
297 510
298 721
298 857
299 807
299 548
299 582
299 308
299 365
591 299
505 299
300 868
346 300
416 300
301 418
301 357
302 540
302 416
303 609
493 303
452 304
304 391
333 304
563 304
724 304
700 304
363 305
305 658
305 917
751 305
305 668
305 480
307 641
307 646
374 308
308 390
309 838
326 310
310 978
457 311
852 311
771 312
312 842
527 312
312 793
417 313
816 313
313 467
380 313
534 315
315 360
317 764
671 320
663 320
321 423
321 717
376 321
420 322
839 322
478 322
481 323
323 677
376 323
537 323
567 324
324 428
325 532
326 648
565 326
327 822
328 677
328 488
654 328
328 433
925 328
329 449
524 329
752 329
329 761
329 665
483 330
330 408
331 505
616 332
332 781
332 655
335 547
335 590
725 335
335 537
335 480
783 336
486 336
390 337
338 910
338 879
338 892
894 338
345 339
339 986
472 340
341 509
611 341
389 342
359 342
492 342
891 342
350 342
344 722
345 931
347 835
442 347
436 350
350 525
351 482
351 435
351 439
479 351
352 755
921 354
355 498
947 355
355 471
355 735
774 355
356 681
356 638
483 357
357 686
734 357
899 358
756 358
728 358
359 961
359 711
359 529
788 359
360 713
361 645
743 361
361 650
361 810
381 361
362 462
363 714
364 774
365 895
365 887
766 366
367 544
943 367
408 368
370 566
371 602
634 371
665 373
373 763
605 373
999 375
828 375
375 702
376 410
376 706
377 393
377 987
377 575
731 377
639 377
800 377
378 867
998 378
717 378
820 378
379 936
599 379
969 380
766 381
645 382
705 383
743 383
409 383
652 384
385 680
385 531
385 864
386 518
386 878
386 623
955 386
508 386
387 741
701 387
388 797
822 388
931 389
712 389
685 389
654 389
915 389
576 389
881 390
390 740
869 390
390 667
390 832
780 391
751 391
497 391
499 391
639 391
906 392
577 393
393 995
393 617
393 557
393 431
393 626
393 406
394 833
711 394
394 842
690 394
499 394
857 394
395 823
575 397
398 881
753 398
818 398
435 398
398 662
415 398
399 433
399 422
399 565
929 400
551 400
494 400
880 400
401 708
476 401
628 403
624 403
983 404
845 404
405 597
461 406
406 464
406 435
444 406
757 407
802 408
652 408
623 408
856 408
606 408
584 409
410 656
411 421
940 411
411 878
785 412
802 412
969 414
415 603
763 415
926 415
948 416
605 417
418 715
418 638
722 419
711 419
420 427
459 421
421 669
821 422
422 632
521 423
423 897
922 424
424 576
427 609
559 427
843 428
451 428
467 429
429 911
429 442
429 606
430 520
432 682
785 432
571 432
509 433
788 434
580 436
436 618
437 594
546 438
439 567
466 440
947 440
440 831
442 461
442 787
443 866
975 443
892 444
444 895
445 586
767 445
946 446
447 833
889 447
447 927
448 966
463 448
450 776
787 450
578 450
496 451
451 548
568 452
955 452
800 452
938 453
940 453
454 760
455 962
703 456
457 653
750 457
457 595
762 457
959 457
458 977
710 458
718 458
459 830
459 655
801 460
704 460
461 509
905 462
790 462
466 990
466 894
868 468
596 469
470 775
651 470
564 470
597 470
471 739
775 471
819 471
472 911
472 488
473 531
525 474
769 475
475 642
854 475
482 477
944 477
477 951
477 888
478 615
478 566
791 478
479 769
479 492
545 481
481 549
481 812
849 481
481 889
492 482
879 482
501 482
806 483
794 483
500 485
485 591
970 486
716 486
613 487
487 574
492 533
494 542
495 793
498 803
913 498
498 959
754 500
954 501
592 501
778 502
503 539
701 504
504 591
507 519
507 719
507 885
953 508
508 912
509 521
509 762
510 992
511 888
513 522
513 559
958 514
984 516
527 516
741 517
517 698
859 517
518 739
518 819
700 518
520 562
520 666
860 520
957 521
521 886
522 681
635 522
648 524
855 526
527 638
527 671
527 640
876 528
686 528
655 528
530 702
973 531
928 532
533 896
533 594
537 860
537 771
537 796
989 538
543 633
544 916
971 548
549 644
849 550
551 844
771 552
811 552
696 552
634 552
980 553
866 554
985 557
557 690
558 877
558 912
560 863
560 855
960 564
625 566
603 568
568 847
614 570
795 571
608 571
993 573
573 659
573 595
574 582
659 574
574 916
574 821
952 574
575 900
575 869
777 575
575 976
821 576
577 824
581 865
581 915
585 993
586 708
588 675
972 588
765 588
588 982
965 592
593 759
593 604
704 593
692 594
781 595
785 597
884 598
632 600
601 723
602 745
605 645
605 967
967 606
607 825
611 904
924 611
948 611
927 611
615 705
615 627
617 991
618 865
874 618
618 958
621 833
668 621
624 768
627 930
780 629
803 630
706 632
673 633
890 633
650 635
697 636
872 636
778 640
644 812
646 859
693 649
651 997
743 651
652 716
668 653
654 897
657 837
658 977
658 675
658 759
688 659
662 659
994 660
722 660
890 660
880 664
941 668
715 670
881 672
673 989
674 878
676 723
687 676
688 679
681 686
681 746
862 682
778 684
907 685
686 763
784 688
738 689
691 752
696 826
962 699
998 699
699 949
700 748
702 753
703 920
703 733
705 845
898 706
728 711
736 713
841 714
716 962
716 739
722 908
722 926
942 725
925 727
729 999
796 729
730 779
730 806
732 853
876 736
736 889
761 737
747 794
747 901
750 909
753 933
753 781
795 753
969 755
755 824
799 755
757 871
976 757
957 757
762 853
960 763
775 764
766 836
1000 766
860 766
768 945
936 768
773 814
846 776
809 777
976 777
779 963
863 779
939 782
790 861
822 791
937 793
794 832
803 808
893 806
838 806
868 808
854 809
812 919
986 817
942 817
931 822
831 932
834 844
834 935
847 837
977 843
853 854
928 853
862 882
910 874
887 876
878 886
923 887
894 940
894 983
899 981
951 911
961 947
962 1000
993 977
